11 23 41 14 36 85 60 37 50 51 25 68
11 92 89 58 51 64 59 53 27 62 90 34
10 31 32 2 19 42 17 24 64 98 29
9 23 14 98 27 68 26 90 100 89
3 13 63 24
8 82 50 52 19 28 21 48 58
16 6 24 68 95 59 98 65 82 81 27 70 41 83 79 90 5
6 57 37 30 12 89 99
12 58 1 9 44 87 95 94 49 60 81 59 88
4 2 94 89 29
18 28 91 27 82 44 3 79 84 8 77 30 100 63 67 31 80 96 54
16 76 60 11 53 37 3 79 87 28 85 4 39 50 12 42 95
2 51 57
13 62 4 59 50 90 84 3 9 98 56 53 55 93
2 50 72
10 78 90 50 18 22 43 51 92 80 95
6 79 52 63 31 64 5
1 53
16 66 13 44 79 89 99 74 33 93 54 58 92 11 50 68 53
5 14 46 22 85 96
8 47 76 68 55 93 65 7 8
11 81 24 82 90 98 18 84 42 19 63 73
20 32 38 41 42 35 40 55 56 53 61 92 86 62 49 69 20 70 84 52 10
1 53
14 95 94 20 88 92 46 32 43 23 84 39 28 4 47
6 63 57 40 68 85 74
13 83 25 59 86 70 35 10 2 46 77 28 39 98
1 3
10 89 87 67 46 25 66 73 56 36 88
2 75 11
18 77 17 42 30 84 52 2 34 61 62 90 9 39 44 75 67 7 93
19 88 77 99 8 29 21 3 12 28 31 66 44 100 90 6 67 65 33 30
18 71 67 53 59 75 78 86 66 87 82 84 91 14 19 40 81 26 5
8 78 33 69 28 91 73 82 37
11 90 77 65 35 41 88 11 8 84 42 26
1 69
7 80 94 44 36 6 100 8
16 93 15 87 11 68 47 83 97 66 72 13 8 59 49 42 95
19 19 67 3 65 18 12 23 8 57 62 91 92 33 90 37 58 34 43 38
9 50 90 39 35 20 80 98 72 44
9 69 11 26 76 79 58 28 60 64
2 99 70
14 93 10 77 86 14 56 82 97 66 29 61 30 8 71
1 26
9 83 97 64 77 62 32 59 14 24
18 12 68 69 60 40 72 94 84 96 80 33 99 5 54 11 55 6 49
18 35 25 45 76 28 60 11 87 77 65 92 39 15 9 69 44 12 3
15 9 26 37 72 54 43 74 42 11 34 12 19 45 85 77
14 74 64 56 17 10 3 67 1 72 41 96 62 19 20
13 94 75 62 88 86 55 51 85 6 93 69 25 24
11 76 38 47 1 77 17 72 100 65 50 90
7 46 45 98 1 29 89 66
2 35 30
16 36 72 28 58 63 66 79 83 23 91 35 98 21 32 74 11
3 59 97 93
19 96 84 66 68 16 12 58 48 15 98 1 79 62 56 78 20 43 55 95
3 96 31 58
13 55 71 46 2 48 13 19 31 88 96 93 56 74
3 92 61 65
16 37 29 68 99 80 54 46 92 77 42 24 23 89 56 28 11
9 4 80 13 36 74 52 1 24 90
1 39
11 38 23 72 13 98 92 75 66 27 19 35
8 6 98 95 56 1 85 78 24
20 78 73 84 25 86 75 29 12 46 85 88 83 44 30 54 31 41 49 4 59
19 57 1 22 69 85 90 28 68 7 26 93 5 92 11 67 84 10 34 54
13 99 85 73 50 49 90 41 56 15 19 88 1 61
6 96 46 7 64 82 2
7 77 21 49 99 14 16 53
11 45 34 68 60 17 99 35 48 50 7 90
11 29 19 62 74 9 18 20 39 51 71 64
3 51 88 76
4 58 60 65 5
8 68 83 39 36 38 14 95 49
9 88 63 79 39 32 86 57 91 5
17 76 79 44 15 48 50 25 20 60 77 2 66 39 1 96 82 49
4 100 91 40 35
4 84 20 35 17
11 39 98 75 58 22 27 31 57 90 43 81
19 8 38 42 4 73 75 57 69 91 28 11 77 35 50 16 26 86 99 78
7 31 37 6 18 89 15 90
3 78 44 40
9 92 4 68 95 56 47 35 33 13
3 70 11 86
12 28 34 89 21 99 14 69 96 48 57 49 54
12 17 91 27 23 16 81 55 52 45 89 88 80
16 25 71 88 99 21 45 73 15 90 69 87 3 37 8 63 42
10 6 14 65 12 35 33 57 34 8 53
20 22 14 71 61 55 95 8 20 45 30 1 56 58 25 92 31 34 52 87 51
1 55
1 45
20 75 11 79 100 57 3 78 83 42 39 87 7 48 91 36 45 40 89 52 58
18 86 64 28 80 32 71 75 7 59 98 20 69 12 83 2 61 96 37
8 81 29 86 83 23 58 68 22
5 81 63 96 35 33
15 19 40 79 56 22 9 28 1 17 85 30 13 72 64 20
11 94 56 83 58 93 43 99 3 1 8 20
15 55 6 58 22 80 86 27 4 60 72 8 74 19 82 81
11 50 75 38 18 99 69 81 100 98 1 14
16 24 9 82 98 8 1 34 14 10 65 42 85 72 21 33 97
15 63 44 8 99 16 40 89 1 5 78 83 6 20 59 52
5 76 47 92 29 11
5 95 25 49 97 87
5 50 9 57 1 70
11 90 14 61 58 89 30 32 39 41 75 8
16 4 64 89 31 27 57 46 26 83 49 76 19 42 97 68 92
3 38 53 37
3 75 81 6
6 51 88 5 80 43 71
15 78 68 47 56 10 46 80 67 75 77 54 71 26 73 92
12 51 81 67 4 54 20 12 87 86 33 70 21
8 53 100 6 87 20 68 48 21
18 95 69 93 86 10 27 91 66 8 45 68 34 71 52 64 50 78 28
11 28 94 100 75 37 83 22 38 13 5 10
9 93 79 97 42 11 38 13 89 50
6 70 33 30 97 22 54
17 14 24 49 77 42 53 55 74 46 9 75 85 2 94 63 23 93
5 51 47 38 65 74
7 13 38 67 8 94 17 50
3 85 60 95
3 5 98 8
13 95 80 23 79 66 89 43 22 6 7 65 63 32
18 79 84 73 47 86 60 12 72 62 13 87 68 85 33 77 88 27 8
16 85 48 72 40 19 64 22 6 78 51 58 54 76 32 14 17
2 23 35
2 16 32
16 9 44 41 12 85 49 28 65 82 62 72 50 66 34 18 94
8 76 84 16 32 74 29 12 66
5 97 85 67 66 45
20 3 18 90 97 4 44 61 48 98 6 31 96 87 8 40 27 46 85 7 56
1 19
18 47 56 3 35 21 18 62 12 66 58 63 37 59 52 67 85 60 100
1 72
5 9 77 15 19 47
8 24 4 50 100 19 49 2 26
16 7 35 42 86 4 12 20 64 15 18 33 30 44 60 74 71
14 45 49 30 27 40 48 50 83 20 62 37 65 51 86
14 50 87 98 57 81 55 42 11 82 24 49 75 88 76
7 78 1 14 60 99 7 77
4 61 80 7 18
14 15 25 51 88 16 43 47 50 76 84 34 13 27 69
5 4 44 42 46 1
2 23 88
15 66 48 99 95 76 71 98 72 27 5 57 65 25 23 79
7 7 48 50 88 58 45 64
3 83 94 66
13 70 50 67 6 80 86 5 53 56 13 96 20 48
20 60 62 12 9 13 59 38 47 65 11 100 71 27 87 51 79 14 21 94 7
7 98 57 13 48 95 44 77
11 11 87 44 89 9 66 69 34 18 50 43
11 25 81 80 83 74 99 2 41 100 27 28
8 56 23 51 81 65 28 83 72
7 38 10 49 32 3 66 14
13 88 10 70 25 26 37 3 93 52 73 92 36 81
10 62 51 83 84 87 27 21 93 60 14
8 73 70 95 90 93 2 81 54
3 68 66 57
1 99
7 81 55 23 4 34 20 74
4 95 83 26 89
15 29 66 63 13 49 16 47 17 19 79 84 27 37 14 32
8 1 40 11 63 58 91 37 41
12 30 12 59 18 64 4 79 53 26 28 8 98
7 35 80 79 52 39 67 49
11 27 20 85 99 46 12 21 38 70 87 32
2 31 93
1 53
17 93 19 88 32 43 86 16 63 41 62 58 25 59 75 49 54 33
20 60 52 100 4 69 65 5 70 74 6 99 30 36 51 43 33 49 8 41 32
6 50 37 16 40 51 92
13 83 9 6 26 21 34 79 13 70 62 54 32 56
5 87 80 91 13 86
4 48 71 17 15
15 82 84 54 40 33 39 28 4 64 71 87 3 92 63 97
15 65 68 5 80 86 50 55 76 61 82 60 24 44 29 75
8 97 89 19 29 8 71 44 64
2 68 95
3 75 5 33
9 77 96 35 13 93 88 30 80 99
2 48 84
14 94 98 58 9 1 32 17 30 66 50 10 48 87 21
9 21 64 60 47 2 70 17 27 65
8 48 1 15 45 7 62 72 27
17 17 81 73 84 39 28 64 67 76 11 74 75 32 33 12 70 1
14 34 74 22 5 100 25 62 99 50 35 84 70 45 32
9 11 34 32 91 66 19 59 68 37
19 94 47 17 63 15 96 45 11 3 57 41 83 12 78 98 97 86 53 95
4 64 100 56 20
2 48 11
8 75 66 83 2 60 3 85 42
19 36 4 5 64 89 92 73 10 54 99 60 30 58 44 3 15 50 75 6
16 82 94 49 89 77 73 46 20 36 45 21 3 90 84 48 86
8 58 11 79 83 80 42 26 93
15 5 29 83 14 72 2 85 20 33 99 23 36 67 16 86
13 67 96 11 46 83 97 14 82 42 5 88 3 79
6 71 50 40 58 65 87
15 32 63 28 1 72 13 77 34 48 18 66 68 40 83 17
6 3 39 64 79 80 11
15 68 14 50 13 79 67 76 65 88 63 30 85 17 90 93
6 28 89 21 88 100 16
3 54 60 64
11 94 34 28 53 77 87 97 73 50 91 90
15 68 38 91 49 26 53 35 24 6 10 73 79 61 36 46
1 29
2 93 49
19 50 2 39 78 60 12 68 20 37 70 54 19 61 9 92 42 36 41 1
2 68 85
10 82 4 17 79 18 97 72 61 76 45
7 43 50 54 56 32 53 30
6 73 7 50 57 52 1
9 24 28 18 12 69 57 14 47 25
1 8
19 24 79 74 99 57 26 89 46 45 42 90 14 30 51 19 34 88 100 97
18 76 81 25 8 51 6 58 87 94 17 36 21 89 41 19 45 16 70
13 58 14 25 46 4 27 22 30 38 45 48 20 41
14 53 3 12 4 37 61 33 32 96 85 90 17 43 91
13 8 70 54 19 96 47 28 41 62 14 3 56 16
5 2 44 83 93 90
1 60
2 25 23
3 100 53 78
8 26 83 11 67 76 19 70 54
4 13 27 42 67
2 73 81
9 20 15 40 5 83 11 24 93 37
11 22 92 15 91 70 89 49 29 26 76 34
4 21 24 82 92
18 76 39 36 37 14 85 74 30 9 83 62 96 4 68 66 47 72 24
10 33 24 21 9 97 3 28 81 34 58
12 37 17 99 96 84 72 85 23 9 39 95 92
20 44 15 46 53 25 55 33 4 39 66 85 88 16 86 23 11 49 29 65 64
13 25 66 86 28 70 31 44 84 42 23 64 92 51
10 22 54 59 87 40 92 80 37 49 44
2 39 46
1 76
18 47 2 81 11 86 27 30 25 79 7 26 66 99 84 19 20 22 68
20 37 86 12 26 53 47 84 76 14 1 63 18 4 31 50 75 54 32 3 64
7 87 35 78 62 54 7 80
14 63 73 24 96 69 74 84 37 68 50 81 76 23 57
20 69 55 34 46 56 96 53 42 40 1 79 3 77 92 4 83 6 49 50 57
16 29 48 54 20 21 43 5 35 55 68 95 33 44 45 14 89
3 8 10 25
1 49
20 4 14 28 76 100 8 95 87 25 44 20 92 85 5 97 69 31 61 6 45
13 18 26 99 68 23 58 36 75 87 73 95 9 92
11 55 12 57 31 4 43 75 88 17 8 72
8 74 23 73 12 58 44 42 5
3 87 89 96
18 89 79 62 17 20 96 8 32 93 37 69 3 51 98 86 92 66 31
15 31 82 60 4 56 80 12 17 99 18 23 79 61 92 46
14 81 37 57 52 80 33 91 49 15 36 78 42 24 23
10 51 33 17 61 36 23 27 70 96 41
12 78 6 29 24 67 43 88 25 7 8 66 31
12 36 68 67 98 76 31 95 30 96 81 99 4
6 7 2 23 24 12 50
20 95 78 22 99 11 83 24 9 44 53 80 49 7 2 61 42 98 29 16 90
4 41 70 74 56
8 26 50 78 51 18 7 76 28
18 12 83 15 60 1 39 10 54 86 41 81 45 68 25 91 42 24 18
7 35 100 50 14 22 23 56
7 22 95 62 69 85 39 8
1 39
7 3 96 59 23 87 100 55
19 11 15 26 32 63 55 46 82 56 38 23 65 93 29 21 28 42 27 9
18 22 6 49 67 2 73 16 46 9 11 89 39 12 77 87 21 97 26
9 7 83 67 79 60 74 91 85 8
13 83 5 29 72 43 49 19 46 53 47 41 81 74
17 24 57 28 76 21 73 20 37 93 38 43 49 95 71 87 46 90
17 17 96 76 8 87 23 33 10 69 91 59 84 37 78 7 67 28
5 34 63 7 25 4
17 40 16 44 94 18 67 70 22 48 54 20 39 19 27 79 92 26
1 20
9 48 99 53 41 97 45 29 36 94
5 3 86 33 49 9
3 73 71 22
4 41 96 58 40
15 26 1 46 61 85 24 42 35 98 95 76 54 87 83 64
6 55 98 7 93 80 45
3 86 76 61
9 53 88 42 39 74 91 49 45 72
20 31 30 29 32 82 35 25 40 88 69 55 57 54 97 10 95 72 65 19 87
19 16 48 5 59 73 72 57 44 85 53 6 15 43 90 2 66 68 55 22
8 39 53 66 79 96 93 6 87
17 32 90 8 69 31 21 57 82 55 56 17 16 42 11 26 5 83
17 19 16 63 27 22 74 87 81 37 54 32 40 55 45 47 92 44
18 66 81 72 17 82 55 79 42 84 99 88 39 18 76 27 8 85 48
2 46 85
6 86 8 89 85 66 95
14 73 48 86 27 79 100 76 74 3 31 96 61 63 65
20 34 43 51 18 36 44 97 8 33 22 40 70 52 54 98 25 42 2 92 6
6 40 76 38 85 67 77
6 35 76 34 23 48 84
6 13 32 54 89 6 47
6 19 81 64 50 27 62
12 47 40 82 57 5 36 73 65 6 55 83 67
13 76 79 59 55 61 36 89 28 20 21 48 53 37
20 39 31 87 70 30 5 9 23 99 10 96 1 28 3 18 42 17 90 75 38
8 90 94 39 64 86 9 20 30
8 22 55 74 89 29 15 9 41
18 30 12 43 29 79 9 93 14 99 72 15 5 50 84 52 44 49 23
