6 26 38 39 40 45 47
6 1 23 26 35 41 45
6 7 15 22 32 48 50
4 24 37 41 50
1 10
5 20 28 29 33 41
1 41
3 8 31 47
0
0
6 3 8 15 16 21 30
3 5 14 23
2 12 50
1 9
1 27
0
3 23 26 37
2 17 28
7 20 24 25 28 29 33 41
3 16 42 46
4 9 24 33 41
1 19
0
0
0
0
1 31
5 21 26 33 35 47
3 3 10 47
1 39
0
5 5 16 33 44 45
1 28
5 11 13 20 37 48
6 2 25 29 40 43 49
0
1 17
3 9 21 47
2 2 43
0
0
0
0
1 29
1 40
4 1 10 24 43
4 5 16 35 39
6 3 13 14 21 24 42
1 3
1 32
2 32 46
3 14 20 45
3 11 20 48
0
1 46
4 20 24 27 47
4 24 31 34 35
6 3 13 16 21 28 33
8 3 6 10 24 31 37 43 46
0
0
4 18 39 41 50
7 8 30 31 33 36 43 47
6 9 14 15 20 25 27
0
3 1 18 41
0
2 20 41
5 3 5 16 17 40
2 18 34
4 25 28 33 41
6 4 9 18 21 31 36
2 18 23
4 10 32 40 47
1 41
1 21
3 19 26 29
0
3 7 9 17
2 9 44
2 26 29
0
2 10 32
3 26 43 45
1 32
4 8 10 15 21
0
1 14
1 18
4 1 35 43 47
0
4 13 23 34 48
0
2 11 46
3 8 22 28
0
8 5 22 25 29 31 39 41 45
7 7 13 17 26 35 37 42
1 22
2 35 40
